=~=~=~=~=~=~=~=~=~=~=~= PuTTY log 2015.05.08 14:56:58 =~=~=~=~=~=~=~=~=~=~=~=
0.0009087877 1.1412994861 2.0933334827 101.0000000000
0.0009087877 1.1412994861 1.9712223052 0.0000000000
0.0009087877 1.1412994861 1.8491111755 0.0000000000
0.0009087877 1.1412994861 1.7269999980 0.0000000000
0.0009087877 1.1412994861 1.6048889160 0.0000000000
0.0009087877 1.1412994861 1.4827778339 0.0000000000
0.0009087877 1.1412994861 1.3606667518 0.0000000000
0.0009087877 1.1412994861 1.2385556697 0.0000000000
0.0009087877 1.1412994861 1.1164444684 0.0000000000
0.0125139296 15.7155904769 2.0933334827 0.0000000000
0.0125139296 15.7155904769 1.9712223052 0.0000000000
0.0125139296 15.7155904769 1.8491111755 0.0000000000
0.0125139296 15.7155904769 1.7269999980 0.0000000000
0.0125139296 15.7155904769 1.6048889160 135.0000000000
0.0125139296 15.7155904769 1.4827778339 0.0000000000
0.0125139296 15.7155904769 1.3606667518 0.0000000000
0.0125139296 15.7155904769 1.2385556697 0.0000000000
0.0125139296 15.7155904769 1.1164444684 0.0000000000
0.0035949423 4.5146923065 2.0933334827 0.0000000000
0.0035949423 4.5146923065 1.9712223052 0.0000000000
0.0035949423 4.5146923065 1.8491111755 147.0000000000
0.0035949423 4.5146923065 1.7269999980 0.0000000000
0.0035949423 4.5146923065 1.6048889160 0.0000000000
0.0035949423 4.5146923065 1.4827778339 0.0000000000
0.0035949423 4.5146923065 1.3606667518 130.0000000000
0.0035949423 4.5146923065 1.2385556697 0.0000000000
0.0035949423 4.5146923065 1.1164444684 50.0000000000
-1.3511768579 6.6780171394 3.1279671192 0.0000000000
-1.3511768579 6.6780171394 3.0058560371 0.0000000000
-1.3511768579 6.6780171394 2.8837450027 0.0000000000
-1.3511768579 6.6780171394 2.7616338729 0.0000000000
-1.3511768579 6.6780171394 2.6395227909 0.0000000000
-1.3511768579 6.6780171394 2.5174114704 0.0000000000
-1.3511768579 6.6780171394 2.3953003883 0.0000000000
-1.3511768579 6.6780171394 2.2731893062 0.0000000000
-1.3511768579 6.6780171394 2.1510782241 0.0000000000
-2.5015046596 7.6311078071 2.7584552764 0.0000000000
-2.5015046596 7.6311078071 2.6363441944 0.0000000000
-2.5015046596 7.6311078071 2.5142331123 0.0000000000
-2.5015046596 7.6311078071 2.3921220302 0.0000000000
-2.5015046596 7.6311078071 2.2700109481 0.0000000000
-2.5015046596 7.6311078071 2.1478996276 0.0000000000
-2.5015046596 7.6311078071 2.0257885456 0.0000000000
-2.5015046596 7.6311078071 1.9036774635 55.0000000000
-2.5015046596 7.6311078071 1.7815663814 55.0000000000
-1.2540607452 10.3277177810 -0.6903250694 0.0000000000
-1.2540607452 10.3277177810 -0.8124361991 0.0000000000
-1.2540607452 10.3277177810 -0.9345473289 0.0000000000
-1.2540607452 10.3277177810 -1.0566585063 0.0000000000
-1.2540607452 10.3277177810 -1.1787695884 0.0000000000
-1.2540607452 10.3277177810 -1.3008806705 0.0000000000
-1.2540607452 10.3277177810 -1.4229917526 0.0000000000
-1.2540607452 10.3277177810 -1.5451028347 0.0000000000
-1.2540607452 10.3277177810 -1.6672140121 0.0000000000
-1.1324318647 9.3245286941 -1.1583740711 43.0000000000
-1.1324318647 9.3245286941 -1.2804852676 0.0000000000
-1.1324318647 9.3245286941 -1.4025963783 0.0000000000
-1.1324318647 9.3245286941 -1.5247075557 0.0000000000
-1.1324318647 9.3245286941 -1.6468186378 0.0000000000
-1.1324318647 9.3245286941 -1.7689297199 0.0000000000
-1.1324318647 9.3245286941 -1.8910408020 38.0000000000
-1.1324318647 9.3245286941 -2.0131518840 0.0000000000
-1.1324318647 9.3245286941 -2.1352629661 37.0000000000
