=~=~=~=~=~=~=~=~=~=~=~= PuTTY log 2015.05.07 12:12:23 =~=~=~=~=~=~=~=~=~=~=~=
0.0000000000 0.0000000000 2.0933334827 107.0000000000
0.0000000000 0.0000000000 1.9712223052 0.0000000000
0.0000000000 0.0000000000 1.8491111755 0.0000000000
0.0000000000 0.0000000000 1.7269999980 0.0000000000
0.0000000000 0.0000000000 1.6048889160 0.0000000000
0.0000000000 0.0000000000 1.4827778339 0.0000000000
0.0000000000 0.0000000000 1.3606667518 81.0000000000
0.0000000000 0.0000000000 1.2385556697 0.0000000000
0.0000000000 0.0000000000 1.1164444684 50.0000000000
0.0000000000 0.0000000000 2.0933334827 90.0000000000
0.0000000000 0.0000000000 1.9712223052 0.0000000000
0.0000000000 0.0000000000 1.8491111755 0.0000000000
0.0000000000 0.0000000000 1.7269999980 0.0000000000
0.0000000000 0.0000000000 1.6048889160 0.0000000000
0.0000000000 0.0000000000 1.4827778339 0.0000000000
0.0000000000 0.0000000000 1.3606667518 82.0000000000
0.0000000000 0.0000000000 1.2385556697 0.0000000000
0.0000000000 0.0000000000 1.1164444684 0.0000000000
0.0000000000 0.0000000000 2.0933334827 78.0000000000
0.0000000000 0.0000000000 1.9712223052 0.0000000000
0.0000000000 0.0000000000 1.8491111755 0.0000000000
0.0000000000 0.0000000000 1.7269999980 0.0000000000
0.0000000000 0.0000000000 1.6048889160 0.0000000000
0.0000000000 0.0000000000 1.4827778339 0.0000000000
0.0000000000 0.0000000000 1.3606667518 80.0000000000
0.0000000000 0.0000000000 1.2385556697 0.0000000000
0.0000000000 0.0000000000 1.1164444684 47.0000000000
-0.0591117763 0.1510988473 2.4670379161 73.0000000000
-0.0591117763 0.1510988473 2.3449268341 74.0000000000
-0.0591117763 0.1510988473 2.2228155136 74.0000000000
-0.0591117763 0.1510988473 2.1007044315 74.0000000000
-0.0591117763 0.1510988473 1.9785933494 75.0000000000
-0.0591117763 0.1510988473 1.8564823150 75.0000000000
-0.0591117763 0.1510988473 1.7343711853 76.0000000000
-0.0591117763 0.1510988473 1.6122601032 0.0000000000
-0.0591117763 0.1510988473 1.4901489257 0.0000000000
